xof 0303txt 0032
template ColorRGBA {
 <35ff44e0-6c7c-11cf-8f52-0040333594a3>
 FLOAT red;
 FLOAT green;
 FLOAT blue;
 FLOAT alpha;
}

template ColorRGB {
 <d3e16e81-7835-11cf-8f52-0040333594a3>
 FLOAT red;
 FLOAT green;
 FLOAT blue;
}

template Material {
 <3d82ab4d-62da-11cf-ab39-0020af71e433>
 ColorRGBA faceColor;
 FLOAT power;
 ColorRGB specularColor;
 ColorRGB emissiveColor;
 [...]
}

template TextureFilename {
 <a42790e1-7810-11cf-8f52-0040333594a3>
 STRING filename;
}

template Frame {
 <3d82ab46-62da-11cf-ab39-0020af71e433>
 [...]
}

template Matrix4x4 {
 <f6f23f45-7686-11cf-8f52-0040333594a3>
 array FLOAT matrix[16];
}

template FrameTransformMatrix {
 <f6f23f41-7686-11cf-8f52-0040333594a3>
 Matrix4x4 frameMatrix;
}

template Vector {
 <3d82ab5e-62da-11cf-ab39-0020af71e433>
 FLOAT x;
 FLOAT y;
 FLOAT z;
}

template MeshFace {
 <3d82ab5f-62da-11cf-ab39-0020af71e433>
 DWORD nFaceVertexIndices;
 array DWORD faceVertexIndices[nFaceVertexIndices];
}

template Mesh {
 <3d82ab44-62da-11cf-ab39-0020af71e433>
 DWORD nVertices;
 array Vector vertices[nVertices];
 DWORD nFaces;
 array MeshFace faces[nFaces];
 [...]
}

template MeshNormals {
 <f6f23f43-7686-11cf-8f52-0040333594a3>
 DWORD nNormals;
 array Vector normals[nNormals];
 DWORD nFaceNormals;
 array MeshFace faceNormals[nFaceNormals];
}

template MeshMaterialList {
 <f6f23f42-7686-11cf-8f52-0040333594a3>
 DWORD nMaterials;
 DWORD nFaceIndexes;
 array DWORD faceIndexes[nFaceIndexes];
 [Material <3d82ab4d-62da-11cf-ab39-0020af71e433>]
}

template Coords2d {
 <f6f23f44-7686-11cf-8f52-0040333594a3>
 FLOAT u;
 FLOAT v;
}

template MeshTextureCoords {
 <f6f23f40-7686-11cf-8f52-0040333594a3>
 DWORD nTextureCoords;
 array Coords2d textureCoords[nTextureCoords];
}

template XSkinMeshHeader {
 <3cf169ce-ff7c-44ab-93c0-f78f62d172e2>
 WORD nMaxSkinWeightsPerVertex;
 WORD nMaxSkinWeightsPerFace;
 WORD nBones;
}

template SkinWeights {
 <6f0d123b-bad2-4167-a0d0-80224f25fabb>
 STRING transformNodeName;
 DWORD nWeights;
 array DWORD vertexIndices[nWeights];
 array FLOAT weights[nWeights];
 Matrix4x4 matrixOffset;
}

template AnimTicksPerSecond {
 <9e415a43-7ba6-4a73-8743-b73d47e88476>
 DWORD AnimTicksPerSecond;
}

template Animation {
 <3d82ab4f-62da-11cf-ab39-0020af71e433>
 [...]
}

template AnimationSet {
 <3d82ab50-62da-11cf-ab39-0020af71e433>
 [Animation <3d82ab4f-62da-11cf-ab39-0020af71e433>]
}

template FloatKeys {
 <10dd46a9-775b-11cf-8f52-0040333594a3>
 DWORD nValues;
 array FLOAT values[nValues];
}

template TimedFloatKeys {
 <f406b180-7b3b-11cf-8f52-0040333594a3>
 DWORD time;
 FloatKeys tfkeys;
}

template AnimationKey {
 <10dd46a8-775b-11cf-8f52-0040333594a3>
 DWORD keyType;
 DWORD nKeys;
 array TimedFloatKeys keys[nKeys];
}


Material Character_Rasta_boy_body {
 1.000000;1.000000;1.000000;1.000000;;
 21.343011;
 0.050000;0.050000;0.050000;;
 0.000000;0.000000;0.000000;;

 TextureFilename {
  "Kaya/OccupyGuy_diffuse.jpg";
 }
}

Material Rasta_Brows_MAT1 {
 1.000000;1.000000;1.000000;1.000000;;
 0.000000;
 0.000000;0.000000;0.000000;;
 0.000000;0.000000;0.000000;;

 TextureFilename {
  "Kaya/OccupyGuy_FaceAnimMap.png";
 }
}

Material Rasta_Eyes_MAT1 {
 1.000000;1.000000;1.000000;1.000000;;
 0.000000;
 0.000000;0.000000;0.000000;;
 0.000000;0.000000;0.000000;;

 TextureFilename {
  "Kaya/OccupyGuy_FaceAnimMap.png";
 }
}

Material Rasta_Mouth_MAT1 {
 1.000000;1.000000;1.000000;1.000000;;
 0.000000;
 0.000000;0.000000;0.000000;;
 0.000000;0.000000;0.000000;;

 TextureFilename {
  "Kaya/OccupyGuy_FaceAnimMap.png";
 }
}

Frame Hips {
 

 FrameTransformMatrix {
  0.287459,0.000948,-0.269011,0.000000,-0.268256,0.030518,-0.286545,0.000000,0.020162,0.392515,0.022928,0.000000,-0.387943,26.191379,-0.375279,1.000000;;
 }

 Frame Pelvis {
  

  FrameTransformMatrix {
   1.000000,0.000000,-0.000000,0.000000,0.000000,1.000000,0.000000,0.000000,-0.000000,0.000000,1.000000,0.000000,0.000000,0.000000,0.000000,1.000000;;
  }

  Frame LeftUpLeg {
   

   FrameTransformMatrix {
    0.981833,-0.163051,0.097045,0.000000,0.108886,0.903017,0.415577,0.000000,-0.155394,-0.397460,0.904366,0.000000,6.797115,-1.318654,-2.508537,1.000000;;
   }

   Frame LeftLeg {
    

    FrameTransformMatrix {
     0.979040,0.153602,-0.133741,0.000000,-0.202903,0.792426,-0.575232,0.000000,0.017623,0.590311,0.806984,0.000000,2.604769,0.690237,-29.125722,1.000000;;
    }

    Frame LeftFoot {
     

     FrameTransformMatrix {
      0.999038,0.001457,-0.043834,0.000000,0.004547,0.990622,0.136555,0.000000,0.043622,-0.136623,0.989662,0.000000,2.495630,-0.266782,-29.462662,1.000000;;
     }

     Frame LeftToeBase {
      

      FrameTransformMatrix {
       1.000000,-0.000000,0.000000,0.000000,0.000000,1.000000,0.000000,0.000000,0.000000,0.000000,1.000000,0.000000,3.145481,16.059891,-8.630987,1.000000;;
      }
     }
    }
   }

   Frame Left_ShortSleeve {
    

    FrameTransformMatrix {
     1.000000,0.000000,-0.000000,0.000000,-0.000000,1.000000,0.000000,0.000000,-0.000000,-0.000000,1.000000,0.000000,1.173895,1.153776,-10.418373,1.000000;;
    }
   }
  }

  Frame RightUpLeg {
   

   FrameTransformMatrix {
    0.955549,0.251694,-0.153549,0.000000,-0.247118,0.967771,0.048510,0.000000,0.160810,-0.008409,0.986949,0.000000,-6.797118,-1.318653,-2.508537,1.000000;;
   }

   Frame RightLeg {
    

    FrameTransformMatrix {
     0.979815,0.170301,-0.104690,0.000000,-0.199805,0.817585,-0.540032,0.000000,-0.006375,0.550049,0.835109,0.000000,-2.618198,0.688029,-29.124570,1.000000;;
    }

    Frame RightFoot {
     

     FrameTransformMatrix {
      0.976636,-0.046414,0.209830,0.000000,-0.043599,0.913301,0.404945,0.000000,-0.210433,-0.404632,0.889939,0.000000,-2.482203,-0.264564,-29.463818,1.000000;;
     }

     Frame RightToeBase {
      

      FrameTransformMatrix {
       1.000000,-0.000000,0.000000,0.000000,-0.000000,1.000000,0.000000,0.000000,-0.000000,-0.000000,1.000000,0.000000,-3.115347,16.113405,-8.682779,1.000000;;
      }
     }
    }
   }

   Frame Right_ShortSleeve {
    

    FrameTransformMatrix {
     1.000000,0.000000,0.000000,0.000000,0.000000,1.000000,0.000000,0.000000,-0.000000,0.000000,1.000000,0.000000,-1.173897,1.153779,-10.418370,1.000000;;
    }
   }
  }
 }

 Frame Spine {
  

  FrameTransformMatrix {
   0.996601,-0.081290,-0.013359,0.000000,0.079530,0.991672,-0.101303,0.000000,0.021483,0.099897,0.994766,0.000000,-0.000000,0.470530,13.368110,1.000000;;
  }

  Frame Spine1 {
   

   FrameTransformMatrix {
    0.986154,-0.164564,-0.020484,0.000000,0.157091,0.966588,-0.202560,0.000000,0.053134,0.196537,0.979056,0.000000,0.146996,0.538789,13.837418,1.000000;;
   }

   Frame Spine2 {
    

    FrameTransformMatrix {
     0.986154,-0.164564,-0.020484,0.000000,0.157091,0.966588,-0.202560,0.000000,0.053134,0.196537,0.979056,0.000000,0.167995,-1.435484,16.242882,1.000000;;
    }

    Frame Neck {
     

     FrameTransformMatrix {
      0.999747,0.021882,0.005257,0.000000,-0.022215,0.996935,0.075013,0.000000,-0.003600,-0.075111,0.997169,0.000000,0.217193,-1.679142,18.631523,1.000000;;
     }

     Frame Head {
      

      FrameTransformMatrix {
       0.937032,-0.346373,-0.044690,0.000000,0.349190,0.931443,0.102371,0.000000,0.006168,-0.111530,0.993742,0.000000,-0.000000,1.385857,6.599380,1.000000;;
      }

      Frame Hat {
       

       FrameTransformMatrix {
        1.000000,-0.000000,-0.000000,0.000000,0.000000,1.000000,-0.000000,0.000000,-0.000000,-0.000000,1.000000,0.000000,-0.532182,-10.096073,27.220611,1.000000;;
       }
      }

      Frame HairD {
       

       FrameTransformMatrix {
        1.000000,-0.000000,-0.000000,0.000000,0.000000,1.000000,-0.000000,0.000000,0.000000,-0.000000,1.000000,0.000000,-10.777430,-1.325941,17.437408,1.000000;;
       }

       Frame HairD1 {
        

        FrameTransformMatrix {
         1.000000,0.000000,0.000000,0.000000,0.000000,1.000000,-0.000000,0.000000,0.000000,0.000000,1.000000,0.000000,-3.290256,1.062189,-11.051162,1.000000;;
        }
       }
      }

      Frame HairB {
       

       FrameTransformMatrix {
        1.000000,-0.000000,-0.000000,0.000000,0.000000,1.000000,-0.000000,0.000000,0.000000,-0.000000,1.000000,0.000000,-10.777428,1.467888,17.437438,1.000000;;
       }

       Frame HairB1 {
        

        FrameTransformMatrix {
         1.000000,0.000000,0.000000,0.000000,0.000000,1.000000,-0.000000,0.000000,0.000000,0.000000,1.000000,0.000000,-1.561209,3.590164,-12.956345,1.000000;;
        }
       }
      }

      Frame HairA {
       

       FrameTransformMatrix {
        1.000000,-0.000000,-0.000000,0.000000,0.000000,1.000000,-0.000000,0.000000,0.000000,-0.000000,1.000000,0.000000,9.713064,1.467896,17.437408,1.000000;;
       }

       Frame HairA1 {
        

        FrameTransformMatrix {
         1.000000,0.000000,0.000000,0.000000,0.000000,1.000000,-0.000000,0.000000,0.000000,0.000000,1.000000,0.000000,1.561212,3.590162,-12.956299,1.000000;;
        }
       }
      }

      Frame HairC {
       

       FrameTransformMatrix {
        1.000000,-0.000000,-0.000000,0.000000,0.000000,1.000000,-0.000000,0.000000,0.000000,-0.000000,1.000000,0.000000,9.713062,-1.325939,17.437438,1.000000;;
       }

       Frame HairC1 {
        

        FrameTransformMatrix {
         1.000000,0.000000,0.000000,0.000000,0.000000,1.000000,-0.000000,0.000000,0.000000,0.000000,1.000000,0.000000,3.290254,1.062187,-11.051178,1.000000;;
        }
       }
      }
     }
    }

    Frame LeftShoulder {
     

     FrameTransformMatrix {
      0.990493,0.008728,-0.137285,0.000000,-0.012165,0.999633,-0.024211,0.000000,0.137023,0.025651,0.990236,0.000000,5.101767,-2.763699,15.108002,1.000000;;
     }

     Frame LeftArm {
      

      FrameTransformMatrix {
       0.451001,0.261025,-0.853501,0.000000,0.014038,0.954086,0.299205,0.000000,0.892413,-0.146923,0.426630,0.000000,9.825546,-1.597439,2.506279,1.000000;;
      }

      Frame LeftForeArm {
       

       FrameTransformMatrix {
        0.697337,0.716235,-0.026981,0.000000,-0.713903,0.690733,-0.115020,0.000000,-0.063745,0.099469,0.992997,0.000000,21.924614,-1.351918,0.000004,1.000000;;
       }

       Frame LeftHand {
        

        FrameTransformMatrix {
         0.960074,0.037783,0.277182,0.000000,0.079687,0.912849,-0.400445,0.000000,-0.268156,0.406545,0.873393,0.000000,33.867171,-0.895184,-0.000324,1.000000;;
        }

        Frame LeftHandThumb1 {
         

         FrameTransformMatrix {
          0.957139,-0.288300,-0.027687,0.000000,0.273269,0.930620,-0.243456,0.000000,0.095954,0.225455,0.969517,0.000000,6.800735,3.624447,-1.610222,1.000000;;
         }

         Frame LeftHandThumb2 {
          

          FrameTransformMatrix {
           0.943206,0.299117,0.144541,0.000000,-0.326468,0.915112,0.236620,0.000000,-0.061494,-0.270369,0.960791,0.000000,2.133108,2.197256,-1.047562,1.000000;;
          }

          Frame LeftHandThumb3 {
           

           FrameTransformMatrix {
            1.000000,0.000000,0.000000,0.000000,-0.000000,1.000000,0.000000,0.000000,0.000000,0.000000,1.000000,0.000000,2.939777,1.239050,-1.955208,1.000000;;
           }
          }
         }
        }

        Frame LeftHandIndex1 {
         

         FrameTransformMatrix {
          0.954359,0.218461,0.203650,0.000000,-0.222616,0.974903,-0.002569,0.000000,-0.199100,-0.042884,0.979040,0.000000,14.184824,3.778965,0.837921,1.000000;;
         }

         Frame LeftHandIndex2 {
          

          FrameTransformMatrix {
           0.989622,-0.001343,-0.143688,0.000000,0.003301,0.999905,0.013390,0.000000,0.143656,-0.013725,0.989533,0.000000,3.454680,-0.349037,-0.747025,1.000000;;
          }

          Frame LeftHandIndex3 {
           

           FrameTransformMatrix {
            1.000000,0.000000,0.000000,0.000000,-0.000000,1.000000,0.000000,0.000000,-0.000000,0.000000,1.000000,0.000000,2.708309,-0.200661,-1.000588,1.000000;;
           }
          }
         }
        }

        Frame LeftHandMiddle1 {
         

         FrameTransformMatrix {
          0.997146,-0.074423,0.012669,0.000000,0.074666,0.997010,-0.019903,0.000000,-0.011150,0.020792,0.999721,0.000000,13.765333,-0.058512,0.551865,1.000000;;
         }

         Frame LeftHandMiddle2 {
          

          FrameTransformMatrix {
           0.946861,0.079615,-0.311633,0.000000,-0.065608,0.996318,0.055194,0.000000,0.314880,-0.031816,0.948598,0.000000,3.329311,-0.218266,-0.830414,1.000000;;
          }

          Frame LeftHandMiddle3 {
           

           FrameTransformMatrix {
            1.000000,-0.000000,0.000000,0.000000,-0.000000,1.000000,-0.000000,0.000000,-0.000000,-0.000000,1.000000,0.000000,3.521810,-0.230448,-1.082275,1.000000;;
           }
          }
         }
        }

        Frame LeftHandRing1 {
         

         FrameTransformMatrix {
          0.951058,-0.125296,-0.282471,0.000000,0.131954,0.991245,0.004592,0.000000,0.279423,-0.041640,0.959265,0.000000,13.969350,-3.062006,-0.122368,1.000000;;
         }

         Frame LeftHandRing2 {
          

          FrameTransformMatrix {
           0.857635,0.140483,-0.494700,0.000000,-0.105549,0.989570,0.098029,0.000000,0.503312,-0.031858,0.863517,0.000000,3.063068,-0.203345,-0.760185,1.000000;;
          }

          Frame LeftHandRing3 {
           

           FrameTransformMatrix {
            1.000000,0.000000,0.000000,0.000000,0.000000,1.000000,-0.000000,0.000000,0.000000,0.000000,1.000000,0.000000,3.200413,-0.256630,-0.861927,1.000000;;
           }
          }
         }
        }

        Frame LeftHandPinky1 {
         

         FrameTransformMatrix {
          0.943012,-0.182955,-0.277948,0.000000,0.186548,0.982350,-0.013702,0.000000,0.275550,-0.038929,0.960498,0.000000,13.134642,-5.726562,-0.420998,1.000000;;
         }

         Frame LeftHandPinky2 {
          

          FrameTransformMatrix {
           0.775635,0.210528,-0.595036,0.000000,-0.153445,0.977346,0.145775,0.000000,0.612246,-0.021763,0.790368,0.000000,2.705889,-0.187250,-0.872284,1.000000;;
          }

          Frame LeftHandPinky3 {
           

           FrameTransformMatrix {
            1.000000,0.000000,0.000000,0.000000,0.000000,1.000000,0.000000,0.000000,0.000000,-0.000000,1.000000,0.000000,2.653091,-0.224703,-0.882450,1.000000;;
           }
          }
         }
        }
       }

       Frame Left_Sleeve {
        

        FrameTransformMatrix {
         1.000000,-0.000000,0.000000,0.000000,-0.000000,1.000000,0.000000,0.000000,-0.000000,0.000000,1.000000,0.000000,6.611061,0.631115,-0.646641,1.000000;;
        }
       }
      }
     }
    }

    Frame RightShoulder {
     

     FrameTransformMatrix {
      0.972024,-0.157753,0.174021,0.000000,0.164385,0.986097,-0.024288,0.000000,-0.167770,0.052215,0.984442,0.000000,-5.731750,-2.763695,15.107994,1.000000;;
     }

     Frame RightArm {
      

      FrameTransformMatrix {
       0.472891,0.164186,0.865689,0.000000,-0.382670,0.923262,0.033932,0.000000,-0.793686,-0.347319,0.499431,0.000000,-9.825546,-1.597439,2.506264,1.000000;;
      }

      Frame RightForeArm {
       

       FrameTransformMatrix {
        0.760793,-0.646212,0.060036,0.000000,0.640825,0.762626,0.088006,0.000000,-0.102655,-0.028481,0.994309,0.000000,-21.924621,-1.351925,0.000000,1.000000;;
       }

       Frame RightHand {
        

        FrameTransformMatrix {
         0.952666,-0.153352,0.262509,0.000000,0.217371,0.947257,-0.235487,0.000000,-0.212551,0.281402,0.935754,0.000000,-33.867152,-0.895187,-0.000328,1.000000;;
        }

        Frame RightHandThumb1 {
         

         FrameTransformMatrix {
          0.958582,0.284327,0.016704,0.000000,-0.284757,0.955521,0.076763,0.000000,0.005864,-0.078340,0.996910,0.000000,-6.800735,3.624441,-1.610214,1.000000;;
         }

         Frame RightHandThumb2 {
          

          FrameTransformMatrix {
           0.990322,0.012756,-0.138202,0.000000,0.000889,0.995164,0.098219,0.000000,0.138786,-0.097392,0.985522,0.000000,-2.133099,2.197256,-1.047569,1.000000;;
          }

          Frame RightHandThumb3 {
           

           FrameTransformMatrix {
            1.000000,0.000000,-0.000000,0.000000,0.000000,1.000000,-0.000000,0.000000,0.000000,-0.000000,1.000000,0.000000,-2.939785,1.239050,-1.955204,1.000000;;
           }
          }
         }
        }

        Frame RightHandIndex1 {
         

         FrameTransformMatrix {
          0.981741,-0.081825,-0.171728,0.000000,0.084979,0.996321,0.011084,0.000000,0.170189,-0.025475,0.985082,0.000000,-14.184837,3.778969,0.837921,1.000000;;
         }

         Frame RightHandIndex2 {
          

          FrameTransformMatrix {
           0.988128,0.005272,0.153540,0.000000,-0.007143,0.999907,0.011634,0.000000,-0.153464,-0.012592,0.988074,0.000000,-3.454681,-0.349037,-0.747032,1.000000;;
          }

          Frame RightHandIndex3 {
           

           FrameTransformMatrix {
            1.000000,0.000000,0.000000,0.000000,0.000000,1.000000,0.000000,0.000000,0.000000,-0.000000,1.000000,0.000000,-2.708309,-0.200661,-1.000599,1.000000;;
           }
          }
         }
        }

        Frame RightHandMiddle1 {
         

         FrameTransformMatrix {
          0.997549,-0.039123,-0.058013,0.000000,0.040244,0.999023,0.018277,0.000000,0.057241,-0.020567,0.998149,0.000000,-13.765331,-0.058508,0.551857,1.000000;;
         }

         Frame RightHandMiddle2 {
          

          FrameTransformMatrix {
           0.887870,-0.108028,0.447232,0.000000,0.080169,0.993499,0.080822,0.000000,-0.453055,-0.035905,0.890759,0.000000,-3.329315,-0.218267,-0.830418,1.000000;;
          }

          Frame RightHandMiddle3 {
           

           FrameTransformMatrix {
            1.000000,-0.000000,0.000000,0.000000,0.000000,1.000000,0.000000,0.000000,0.000000,-0.000000,1.000000,0.000000,-3.521805,-0.230448,-1.082275,1.000000;;
           }
          }
         }
        }

        Frame RightHandRing1 {
         

         FrameTransformMatrix {
          0.993843,0.021315,0.108731,0.000000,-0.019638,0.999672,-0.016472,0.000000,-0.109046,0.014235,0.993935,0.000000,-13.969352,-3.062000,-0.122368,1.000000;;
         }

         Frame RightHandRing2 {
          

          FrameTransformMatrix {
           0.805047,-0.174154,0.567071,0.000000,0.125651,0.984306,0.123910,0.000000,-0.579751,-0.028500,0.814295,0.000000,-3.063072,-0.203342,-0.760185,1.000000;;
          }

          Frame RightHandRing3 {
           

           FrameTransformMatrix {
            1.000000,0.000000,0.000000,0.000000,0.000000,1.000000,0.000000,0.000000,0.000000,0.000000,1.000000,0.000000,-3.200409,-0.256630,-0.861927,1.000000;;
           }
          }
         }
        }

        Frame RightHandPinky1 {
         

         FrameTransformMatrix {
          0.994234,0.061309,0.087984,0.000000,-0.058860,0.997811,-0.030164,0.000000,-0.089641,0.024811,0.995665,0.000000,-13.134640,-5.726565,-0.421001,1.000000;;
         }

         Frame RightHandPinky2 {
          

          FrameTransformMatrix {
           0.753851,-0.251498,0.607007,0.000000,0.184230,0.967692,0.172140,0.000000,-0.630689,-0.017939,0.775829,0.000000,-2.705887,-0.187243,-0.872292,1.000000;;
          }

          Frame RightHandPinky3 {
           

           FrameTransformMatrix {
            1.000000,0.000000,-0.000000,0.000000,0.000000,1.000000,-0.000000,0.000000,-0.000000,0.000000,1.000000,0.000000,-2.653091,-0.224699,-0.882450,1.000000;;
           }
          }
         }
        }
       }

       Frame Right_Sleeve {
        

        FrameTransformMatrix {
         1.000000,0.000000,0.000000,0.000000,0.000000,1.000000,0.000000,0.000000,0.000000,-0.000000,1.000000,0.000000,-6.611046,0.631111,-0.646641,1.000000;;
        }
       }
      }
     }
    }

    Frame Bind_Right_JacketString {
     

     FrameTransformMatrix {
      1.000000,-0.000000,0.000000,0.000000,0.000000,1.000000,0.000000,0.000000,0.000000,0.000000,1.000000,0.000000,-3.534774,7.200661,11.969605,1.000000;;
     }

     Frame Bind_Right_JacketString1 {
      

      FrameTransformMatrix {
       1.000000,0.000000,-0.000000,0.000000,-0.000000,1.000000,-0.000000,0.000000,-0.000000,-0.000000,1.000000,0.000000,-0.319887,2.794060,-6.102623,1.000000;;
      }
     }
    }

    Frame Bind_Left_JacketString {
     

     FrameTransformMatrix {
      1.000000,-0.000000,0.000000,0.000000,0.000000,1.000000,0.000000,0.000000,0.000000,0.000000,1.000000,0.000000,2.904793,7.200665,11.969597,1.000000;;
     }

     Frame Bind_Left_JacketString1 {
      

      FrameTransformMatrix {
       1.000000,0.000000,-0.000000,0.000000,-0.000000,1.000000,-0.000000,0.000000,-0.000000,-0.000000,1.000000,0.000000,0.364847,3.186764,-5.904465,1.000000;;
      }
     }
    }

    Frame HairE {
     

     FrameTransformMatrix {
      1.000000,-0.000000,0.000000,0.000000,0.000000,1.000000,0.000000,0.000000,0.000000,0.000000,1.000000,0.000000,5.915197,-11.592243,17.612656,1.000000;;
     }

     Frame HairE1 {
      

      FrameTransformMatrix {
       1.000000,0.000000,-0.000000,0.000000,-0.000000,1.000000,-0.000000,0.000000,-0.000000,-0.000000,1.000000,0.000000,0.289204,-1.284485,-7.171906,1.000000;;
      }
     }
    }

    Frame HairF {
     

     FrameTransformMatrix {
      1.000000,-0.000000,0.000000,0.000000,0.000000,1.000000,0.000000,0.000000,0.000000,0.000000,1.000000,0.000000,-0.864797,-11.592243,17.612632,1.000000;;
     }

     Frame HairF1 {
      

      FrameTransformMatrix {
       1.000000,0.000000,-0.000000,0.000000,-0.000000,1.000000,-0.000000,0.000000,-0.000000,-0.000000,1.000000,0.000000,0.000001,-2.127506,-14.087098,1.000000;;
      }
     }
    }

    Frame HairG {
     

     FrameTransformMatrix {
      1.000000,-0.000000,0.000000,0.000000,0.000000,1.000000,0.000000,0.000000,0.000000,0.000000,1.000000,0.000000,-8.087691,-11.592243,17.612656,1.000000;;
     }

     Frame HairG1 {
      

      FrameTransformMatrix {
       1.000000,0.000000,-0.000000,0.000000,-0.000000,1.000000,-0.000000,0.000000,-0.000000,-0.000000,1.000000,0.000000,-0.293551,-0.910141,-6.081368,1.000000;;
      }
     }
    }
   }
  }
 }

 Frame Pouch {
  

  FrameTransformMatrix {
   1.000000,0.000000,-0.000000,0.000000,0.000000,1.000000,0.000000,0.000000,-0.000000,-0.000000,1.000000,0.000000,0.000000,10.847303,4.394531,1.000000;;
  }
 }

 Frame Bag {
  

  FrameTransformMatrix {
   1.000000,0.000000,-0.000000,0.000000,0.000000,1.000000,0.000000,0.000000,-0.000000,-0.000000,1.000000,0.000000,-13.229021,-0.593262,4.813026,1.000000;;
  }
 }

 Frame OccupyGuyFacialAnim_Joint {
  

  FrameTransformMatrix {
   1.000000,0.000000,-0.000000,0.000000,0.000000,1.000000,0.000000,0.000000,-0.000000,-0.000000,1.000000,0.000000,1.000000,-1.654995,-70.206368,1.000000;;
  }
 }
}

Frame OccupyGuy_Body_Mesh {
 

 FrameTransformMatrix {
  0.393701,0.000000,0.000000,0.000000,0.000000,-0.000000,-0.393701,0.000000,0.000000,0.393701,-0.000000,0.000000,0.000000,0.000000,0.000000,1.000000;;
 }

 Mesh OccupyGuy_Body_Mesh {
  5164;
  10.718982;2.144300;161.466906;,
  11.232713;3.279780;157.973811;,
  10.572762;2.891320;157.811955;,
  11.117463;2.535750;161.707686;,
  10.397402;1.594960;157.759898;,
  10.429983;1.496180;161.376576;,
  10.693702;0.349501;157.950618;,
  10.429983;1.496180;161.376576;,
  10.397402;1.594960;157.759898;,
  10.771373;0.883610;161.492045;,
  11.224783;-0.083459;158.173491;,
  11.150222;0.603300;161.721190;,
  11.560533;0.825170;161.946394;,
  11.664713;0.419481;158.204480;,
  11.869583;1.483390;162.092314;,
  12.189183;1.555211;158.199718;,
  11.716523;2.702210;158.092096;,
  11.655983;2.228790;161.940480;,
  11.232963;3.673846;152.978778;,
  13.207681;4.689584;148.809677;,
  12.446756;4.090344;148.480422;,
  11.870934;4.069291;153.129421;,
  12.520401;3.486000;153.290227;,
  13.879963;4.118003;148.904179;,
  12.960521;1.591341;153.356877;,
  14.449704;1.657713;148.824525;,
  12.603482;-0.271768;153.467418;,
  14.081773;-0.649907;148.827597;,
  11.836522;-0.798058;153.538906;,
  13.184624;-1.385127;148.746355;,
  11.232272;-0.208029;153.242726;,
  12.241794;-0.708917;148.487962;,
  10.657910;1.726963;152.774592;,
  11.886748;1.671764;147.967194;,
  11.886748;1.671764;147.967194;,
  10.657910;1.726963;152.774592;,
  15.230267;4.459675;144.422106;,
  15.919586;2.385815;144.214758;,
  14.536266;5.004835;144.462144;,
  13.957166;4.401075;144.130970;,
  13.538286;2.368855;143.724851;,
  14.011048;-0.169825;144.273395;,
  13.538286;2.368855;143.724851;,
  14.769549;-0.822454;144.041446;,
  15.592138;0.146336;144.081126;,
  16.520762;4.935528;140.296947;,
  17.709992;2.838768;139.907955;,
  15.376890;5.692868;140.607808;,
  14.767112;5.222528;140.413402;,
  14.504693;3.269527;139.861555;,
  15.488134;0.794328;139.821491;,
  14.504693;3.269527;139.861555;,
  19.467997;1.017621;136.514406;,
  17.474674;0.698548;139.717120;,
  19.976248;3.123271;137.036173;,
  16.815782;-0.185812;139.602918;,
  15.880717;3.806270;137.018829;,
  15.984675;5.800759;137.854451;,
  15.880717;3.806270;137.018829;,
  16.976877;1.215760;136.368256;,
  17.010835;6.125830;137.774886;,
  18.434338;5.301391;137.679898;,
  19.063627;5.394931;136.349056;,
  18.348726;5.673112;135.756237;,
  17.246258;5.794090;136.450637;,
  18.725238;0.233461;135.902323;,
  18.857160;4.034762;134.635008;,
  17.299309;4.032561;135.317338;,
  17.299309;4.032561;135.317338;,
  18.988810;1.741531;134.834074;,
  17.976349;1.486621;135.002944;,
  19.730869;1.388511;135.394662;,
  20.165709;3.445522;135.549133;,
  9.609517;4.163054;160.482035;,
  11.018050;7.305964;154.437683;,
  10.193560;6.704394;154.111539;,
  9.987287;4.712234;160.660314;,
  9.897180;4.913524;153.491955;,
  9.171147;3.182834;160.326502;,
  10.468858;3.209864;153.044006;,
  9.171147;3.182834;160.326502;,
  9.897180;4.913524;153.491955;,
  9.568337;2.174774;160.291674;,
  11.018680;2.715020;152.885389;,
  9.963786;1.745924;160.337613;,
  10.484098;2.240224;160.460454;,
  11.784749;3.547583;153.079706;,
  10.697257;3.183934;160.580979;,
  12.305670;4.941593;153.512678;,
  11.807740;6.690754;154.103053;,
  10.510327;4.246664;160.687501;,
  13.951693;10.565646;140.317120;,
  13.577773;7.621472;143.674214;,
  14.312642;8.889154;139.870989;,
  13.472702;9.667903;144.561472;,
  12.530483;11.338945;140.911667;,
  12.096782;10.514574;145.132147;,
  10.476302;9.690624;144.895283;,
  10.889591;10.439974;141.065933;,
  10.236470;8.677074;140.751693;,
  9.873412;7.515223;144.142285;,
  11.301330;6.403334;140.185331;,
  9.873412;7.515223;144.142285;,
  10.236470;8.677074;140.751693;,
  11.096592;5.065083;143.462694;,
  12.290610;5.789244;139.757670;,
  11.809402;4.575352;143.039270;,
  12.751173;5.699062;143.129856;,
  13.376332;7.142104;139.678438;,
  11.489783;9.498694;148.984973;,
  10.223712;8.572683;148.515482;,
  12.758223;8.638133;148.485581;,
  13.168376;6.441333;147.565722;,
  12.541227;4.722683;147.081651;,
  11.396203;3.671013;146.844621;,
  10.654037;4.128544;147.003584;,
  9.714675;6.342174;147.624141;,
  9.714675;6.342174;147.624141;,
  12.838538;12.984986;137.225626;,
  14.724227;12.265317;136.854579;,
  11.277486;12.139426;137.256794;,
  10.679994;10.515637;137.085222;,
  11.654754;8.303946;136.758362;,
  10.679994;10.515637;137.085222;,
  15.622187;10.593976;136.568666;,
  15.275579;10.504206;133.677350;,
  14.785475;8.884286;136.549837;,
  16.036010;12.158237;133.891955;,
  12.973715;7.618835;136.538944;,
  11.035778;12.332268;133.787878;,
  11.545570;13.977987;134.351680;,
  11.832707;10.148106;133.539226;,
  11.035778;12.332268;133.787878;,
  13.081111;14.667298;134.356390;,
  15.048600;13.838696;134.432205;,
  14.335800;14.396406;133.327936;,
  12.121690;14.442029;133.206400;,
  13.195199;9.674686;133.181491;,
  11.772758;13.041959;132.338278;,
  12.227118;11.111158;132.472538;,
  11.772758;13.041959;132.338278;,
  14.430779;11.049687;132.406208;,
  14.728810;12.856818;132.494720;,
  13.043861;14.592558;132.821414;,
  13.126210;13.155429;131.905216;,
  13.141418;11.297358;132.086131;,
  0.359359;-2.369591;143.434214;,
  1.950699;-7.367462;138.261274;,
  0.779429;-6.159271;137.607462;,
  1.193979;-2.982221;143.937190;,
  -1.089641;-5.445172;137.283008;,
  -1.143971;-1.975161;143.101210;,
  -2.994251;-6.007281;137.718349;,
  -1.143971;-1.975161;143.101210;,
  -1.089641;-5.445172;137.283008;,
  -2.664830;-2.306451;143.528525;,
  -4.140430;-7.159221;138.435226;,
  -3.456060;-2.899531;144.092851;,
  -2.708010;-3.598601;144.663488;,
  -3.111720;-8.585154;138.985459;,
  -1.196551;-3.962141;144.912525;,
  -1.185040;-9.358489;139.203302;,
  0.768650;-8.684263;138.842701;,
  0.351100;-3.668361;144.576307;,
  0.342670;-12.638092;111.989299;,
  -0.830490;-14.414901;118.027277;,
  -1.108920;-13.231312;112.045786;,
  1.272810;-13.494261;118.091750;,
  1.584720;-11.318312;112.032000;,
  2.559020;-11.577550;118.256218;,
  1.475990;-9.396920;118.271821;,
  1.002040;-8.951362;112.170048;,
  -1.036630;-7.574261;112.151987;,
  -0.844400;-8.221999;118.222106;,
  -3.287300;-8.819611;112.199872;,
  -0.844400;-8.221999;118.222106;,
  -1.036630;-7.574261;112.151987;,
  -3.477100;-9.005250;118.322893;,
  -4.161399;-11.373142;112.068493;,
  -4.686900;-11.524400;118.300838;,
  -2.714050;-12.866822;112.031424;,
  -3.190090;-13.738640;118.162854;,
  1.391050;-8.211617;131.519923;,
  1.926370;-11.029030;125.290202;,
  1.199740;-9.720890;125.018125;,
  2.770090;-9.793120;132.045773;,
  1.426710;-11.447410;132.353946;,
  1.061100;-12.175291;125.264883;,
  -0.802490;-11.881354;132.399552;,
  -0.746390;-12.876971;125.220685;,
  -2.895440;-11.179990;132.336243;,
  -2.667310;-12.329721;125.245530;,
  -3.981840;-9.609978;132.049984;,
  -3.552080;-10.901260;125.202944;,
  -2.888760;-8.105217;131.546253;,
  -2.878730;-9.251210;124.989069;,
  -0.765450;-7.631706;131.310144;,
  -0.709020;-8.722970;124.823987;,
  -0.709020;-8.722970;124.823987;,
  -0.765450;-7.631706;131.310144;,
  0.154890;0.240539;149.267469;,
  0.784520;0.562489;148.576512;,
  0.071380;0.690529;148.016909;,
  -1.146830;1.023739;147.382605;,
  -1.146830;1.023739;147.382605;,
  -2.466701;0.831169;147.945331;,
  -3.148890;0.536949;148.656512;,
  -2.412200;0.306549;149.241088;,
  -1.156730;0.064970;149.773990;,
  -4.058050;-11.377378;106.853293;,
  -3.082590;-8.440677;106.914048;,
  -2.568460;-12.579237;107.186419;,
  2.056190;-11.335477;106.602195;,
  1.384540;-12.638732;103.222349;,
  2.663440;-11.429701;103.088941;,
  0.727970;-12.446337;106.963219;,
  -0.388400;-13.239972;103.911782;,
  -0.845350;-12.967098;107.343008;,
  -2.205240;-12.690992;103.287110;,
  -0.293750;-12.974942;102.164710;,
  1.571300;-9.303682;102.833190;,
  1.405620;-8.433197;106.811475;,
  1.683490;-11.457652;101.675987;,
  -0.374540;-7.873111;102.964819;,
  -0.762530;-6.974147;106.774285;,
  -2.402570;-9.253681;102.842426;,
  -0.762530;-6.974147;106.774285;,
  -0.374540;-7.873111;102.964819;,
  -3.584510;-11.443451;103.185600;,
  -0.341540;-11.490772;100.976954;,
  -0.321410;-9.296422;101.537293;,
  -0.321410;-9.296422;101.537293;,
  -2.427980;-11.459842;101.761062;,
  5.553540;-2.401422;142.971008;,
  8.121479;-7.164843;137.871078;,
  6.885199;-5.994113;137.147930;,
  6.353200;-2.824541;143.360141;,
  5.043300;-5.428812;136.840128;,
  4.194200;-1.882131;142.590733;,
  3.173909;-6.085724;137.292019;,
  4.194200;-1.882131;142.590733;,
  5.043300;-5.428812;136.840128;,
  2.740119;-2.315401;143.073178;,
  2.023060;-7.032053;137.965914;,
  1.774979;-2.701421;143.533568;,
  2.621890;-3.282221;144.379379;,
  3.087910;-8.310673;138.452390;,
  4.032570;-3.536641;144.664614;,
  4.939280;-9.177442;138.788403;,
  6.920230;-8.594802;138.533402;,
  5.485980;-3.225930;144.164608;,
  8.195943;-11.356378;126.253555;,
  5.780691;-12.259828;132.128051;,
  6.442022;-11.810959;126.096973;,
  8.069670;-11.458986;132.172390;,
  8.939783;-10.384128;126.347520;,
  9.240841;-9.646737;132.044173;,
  7.967671;-8.214696;131.616358;,
  8.227651;-9.600247;126.238323;,
  6.474582;-9.230618;126.042880;,
  5.804021;-7.821175;131.396518;,
  4.702582;-9.702867;125.911974;,
  5.804021;-7.821175;131.396518;,
  6.474582;-9.230618;126.042880;,
  3.724401;-8.476888;131.578112;,
  4.023632;-10.301787;125.912371;,
  2.558291;-9.636718;131.930202;,
  3.555411;-11.283069;132.079309;,
  4.712812;-11.137519;125.975782;,
  4.754380;0.663249;147.486003;,
  5.439220;0.517149;148.026202;,
  3.523820;1.024199;146.908570;,
  3.523820;1.024199;146.908570;,
  2.293370;0.644789;147.538714;,
  1.617570;0.611449;148.046413;,
  2.198110;0.349809;148.917530;,
  3.466560;0.293279;149.117325;,
  4.759329;0.432449;148.815398;,
  9.526483;-10.431806;122.113779;,
  8.691543;-9.207314;121.890022;,
  6.852053;-8.691945;121.311987;,
  4.846283;-9.084075;120.606054;,
  6.852053;-8.691945;121.311987;,
  3.808852;-10.348135;120.281062;,
  4.717183;-11.797246;120.622118;,
  9.089866;-11.799094;118.632051;,
  6.831614;-12.564155;121.332877;,
  7.154985;-12.712394;118.094234;,
  8.804244;-11.805356;121.886989;,
  5.242924;-11.748784;116.632640;,
  7.520755;-11.880234;116.431859;,
  9.966276;-10.316214;119.523482;,
  8.901646;-8.973733;118.732173;,
  7.141555;-8.336202;118.181645;,
  7.141555;-8.336202;118.181645;,
  5.405414;-8.998362;116.657254;,
  9.391506;-10.268523;117.679334;,
  4.130704;-10.285533;116.305011;,
  7.563346;-10.276993;115.998989;,
  7.513086;-8.801842;116.583270;,
  7.513086;-8.801842;116.583270;,
  5.404594;-10.263433;115.309619;,
  -4.392450;0.708739;147.544512;,
  -3.813970;-2.598141;143.693747;,
  -4.664501;-2.092401;143.250880;,
  -3.661210;0.588559;148.084864;,
  -6.166260;-1.760240;142.966899;,
  -5.644510;1.060109;146.953216;,
  -7.908920;-2.138551;143.392755;,
  -5.644510;1.060109;146.953216;,
  -6.166260;-1.760240;142.966899;,
  -6.946190;0.678709;147.566784;,
  -8.712520;-2.543121;143.853350;,
  -7.612181;0.556369;148.079667;,
  -7.022481;0.374749;148.935923;,
  -7.875090;-3.045131;144.558579;,
  -5.653550;0.206880;149.073331;,
  -6.212571;-3.595580;144.712064;,
  -4.785961;-3.063601;144.319488;,
  -4.418641;0.462419;148.795674;,
  -10.618124;-9.631811;125.801549;,
  -9.978901;-8.062030;131.611059;,
  -9.704524;-8.694802;125.582285;,
  -11.042021;-9.121060;131.934400;,
  -10.076262;-10.323753;131.931277;,
  -9.910214;-10.397371;125.490714;,
  -4.977973;-5.814258;137.566208;,
  -4.483811;-9.409470;131.778918;,
  -5.332040;-8.394607;131.469824;,
  -3.836053;-6.796338;138.159552;,
  -5.054693;-7.929549;138.648512;,
  -5.577212;-10.564392;131.874022;,
  -7.023712;-8.524826;138.893581;,
  -7.834781;-10.927260;131.859392;,
  -9.104833;-7.796228;138.747379;,
  -10.195973;-6.635328;138.337600;,
  -9.280622;-5.666708;137.723622;,
  -6.878553;-5.191508;137.292774;,
  -7.416500;-7.733936;131.321280;,
  -7.416500;-7.733936;131.321280;,
  -6.878553;-5.191508;137.292774;,
  -5.358044;-10.243389;120.667661;,
  -6.457065;-10.807862;125.391117;,
  -6.343654;-11.252839;119.916339;,
  -5.701235;-10.185922;125.648998;,
  -8.152786;-10.947991;125.288640;,
  -8.190894;-11.442378;120.391987;,
  -9.856904;-10.598038;120.100454;,
  -8.038634;-10.932898;118.112486;,
  -5.795675;-9.213822;125.467328;,
  -5.530044;-8.673559;120.063962;,
  -5.673184;-9.966298;118.210918;,
  -7.404084;-8.569298;125.377267;,
  -6.985284;-7.747158;120.629747;,
  -9.041414;-7.727329;120.343910;,
  -7.404084;-8.569298;125.377267;,
  -6.985284;-7.747158;120.629747;,
  -10.617423;-9.050059;121.022669;,
  -7.010514;-7.949348;118.285158;,
  -7.010514;-7.949348;118.285158;,
  -7.538434;-9.326778;117.170739;,
  -9.669864;-8.882627;118.510502;,
  -10.191370;2.129802;162.194317;,
  -10.689061;3.289412;158.712858;,
  -10.578940;2.507882;162.440461;,
  -10.108961;2.838362;158.539341;,
  -9.759374;1.591432;158.494131;,
  -9.895081;1.499812;162.106368;,
  -10.272394;0.418131;158.686874;,
  -9.895081;1.499812;162.106368;,
  -10.090481;0.781832;162.247181;,
  -9.759374;1.591432;158.494131;,
  -10.692543;-0.095829;158.916992;,
  -10.586590;0.583632;162.458496;,
  -11.017660;0.825232;162.683520;,
  -11.191482;0.373222;158.951910;,
  -11.212340;1.501402;162.780518;,
  -11.473812;1.555612;158.924762;,
  -11.299091;2.779722;158.851712;,
  -10.973181;2.088862;162.671155;,
  -10.704274;3.658523;153.721843;,
  -12.658838;4.831874;149.562560;,
  -11.333194;4.064303;153.863680;,
  -11.834078;4.138248;149.195021;,
  -11.963683;3.480573;154.022310;,
  -13.427339;4.167244;149.689306;,
  -12.501014;1.591393;154.126771;,
  -13.969690;1.657823;149.592806;,
  -12.006404;-0.246618;154.188531;,
  -13.603960;-0.685188;149.591501;,
  -11.290024;-0.838268;154.283366;,
  -12.651740;-1.371048;149.480550;,
  -10.712994;-0.194938;153.981888;,
  -11.653999;-0.735098;149.214733;,
  -10.106164;1.727022;153.511334;,
  -11.258981;1.673272;148.679066;,
  -11.258981;1.673272;148.679066;,
  -10.106164;1.727022;153.511334;,
  -14.915746;4.477184;145.270477;,
  -15.578986;2.354314;145.029210;,
  -14.229886;5.040514;145.335603;,
  -13.600317;4.406694;144.996237;,
  -13.061537;2.285423;144.531354;,
  -13.423477;-0.297607;144.976870;,
  -13.061537;2.285423;144.531354;,
  -14.243646;-0.952598;144.777242;,
  -15.115107;0.072463;144.833267;,
  -15.934802;4.926555;141.036493;,
  -17.040942;2.856834;140.642496;,
  -14.919262;5.622685;141.316518;,
  -14.377122;5.187835;141.073101;,
  -14.062522;3.246854;140.531251;,
  -14.986542;0.818933;140.567706;,
  -14.062522;3.246854;140.531251;,
  -18.796224;1.116844;137.191603;,
  -19.067085;3.186034;137.616870;,
  -16.803314;0.758103;140.457830;,
  -16.241203;-0.127877;140.360666;,
  -15.291216;3.840814;137.752858;,
  -15.435866;5.735605;138.561293;,
  -15.291216;3.840814;137.752858;,
  -16.451536;1.386824;137.176947;,
  -16.222645;6.033025;138.463808;,
  -17.610045;5.335685;138.323328;,
  -18.211944;5.396274;137.009984;,
  -16.517786;5.767905;137.189235;,
  -17.543717;5.663645;136.461888;,
  -18.169818;0.432284;136.676134;,
  -18.157477;4.056615;135.482458;,
  -16.609957;4.080115;136.088512;,
  -16.609957;4.080115;136.088512;,
  -18.406477;1.790874;135.611558;,
  -17.370037;1.557034;135.741184;,
  -19.106107;1.470264;136.170445;,
  -19.438797;3.469744;136.238554;,
  -8.969378;4.222966;161.237120;,
  -10.471715;7.284892;155.157350;,
  -9.447107;4.571186;161.335936;,
  -9.642815;6.709382;154.842138;,
  -9.239426;4.904532;154.215846;,
  -8.658527;3.184936;161.067110;,
  -9.977976;3.239022;153.782746;,
  -8.658527;3.184936;161.067110;,
  -9.156247;2.251051;161.057894;,
  -9.239426;4.904532;154.215846;,
  -10.466336;2.722012;153.617766;,
  -9.433187;1.696611;161.071168;,
  -9.960567;2.228781;161.200947;,
  -11.265496;3.537872;153.808653;,
  -10.240377;3.181372;161.339187;,
  -11.801646;4.940252;154.248154;,
  -11.292995;6.706512;154.837978;,
  -9.857446;4.198832;161.378419;,
  -13.503533;10.513297;141.164890;,
