xof 0303txt 0032
template ColorRGBA {
 <35ff44e0-6c7c-11cf-8f52-0040333594a3>
 FLOAT red;
 FLOAT green;
 FLOAT blue;
 FLOAT alpha;
}

template ColorRGB {
 <d3e16e81-7835-11cf-8f52-0040333594a3>
 FLOAT red;
 FLOAT green;
 FLOAT blue;
}

template Material {
 <3d82ab4d-62da-11cf-ab39-0020af71e433>
 ColorRGBA faceColor;
 FLOAT power;
 ColorRGB specularColor;
 ColorRGB emissiveColor;
 [...]
}

template TextureFilename {
 <a42790e1-7810-11cf-8f52-0040333594a3>
 STRING filename;
}

template Frame {
 <3d82ab46-62da-11cf-ab39-0020af71e433>
 [...]
}

template Matrix4x4 {
 <f6f23f45-7686-11cf-8f52-0040333594a3>
 array FLOAT matrix[16];
}

template FrameTransformMatrix {
 <f6f23f41-7686-11cf-8f52-0040333594a3>
 Matrix4x4 frameMatrix;
}

template Vector {
 <3d82ab5e-62da-11cf-ab39-0020af71e433>
 FLOAT x;
 FLOAT y;
 FLOAT z;
}

template MeshFace {
 <3d82ab5f-62da-11cf-ab39-0020af71e433>
 DWORD nFaceVertexIndices;
 array DWORD faceVertexIndices[nFaceVertexIndices];
}

template Mesh {
 <3d82ab44-62da-11cf-ab39-0020af71e433>
 DWORD nVertices;
 array Vector vertices[nVertices];
 DWORD nFaces;
 array MeshFace faces[nFaces];
 [...]
}

template MeshNormals {
 <f6f23f43-7686-11cf-8f52-0040333594a3>
 DWORD nNormals;
 array Vector normals[nNormals];
 DWORD nFaceNormals;
 array MeshFace faceNormals[nFaceNormals];
}

template MeshMaterialList {
 <f6f23f42-7686-11cf-8f52-0040333594a3>
 DWORD nMaterials;
 DWORD nFaceIndexes;
 array DWORD faceIndexes[nFaceIndexes];
 [Material <3d82ab4d-62da-11cf-ab39-0020af71e433>]
}

template Coords2d {
 <f6f23f44-7686-11cf-8f52-0040333594a3>
 FLOAT u;
 FLOAT v;
}

template MeshTextureCoords {
 <f6f23f40-7686-11cf-8f52-0040333594a3>
 DWORD nTextureCoords;
 array Coords2d textureCoords[nTextureCoords];
}

template XSkinMeshHeader {
 <3cf169ce-ff7c-44ab-93c0-f78f62d172e2>
 WORD nMaxSkinWeightsPerVertex;
 WORD nMaxSkinWeightsPerFace;
 WORD nBones;
}

template SkinWeights {
 <6f0d123b-bad2-4167-a0d0-80224f25fabb>
 STRING transformNodeName;
 DWORD nWeights;
 array DWORD vertexIndices[nWeights];
 array FLOAT weights[nWeights];
 Matrix4x4 matrixOffset;
}

template AnimTicksPerSecond {
 <9e415a43-7ba6-4a73-8743-b73d47e88476>
 DWORD AnimTicksPerSecond;
}

template Animation {
 <3d82ab4f-62da-11cf-ab39-0020af71e433>
 [...]
}

template AnimationSet {
 <3d82ab50-62da-11cf-ab39-0020af71e433>
 [Animation <3d82ab4f-62da-11cf-ab39-0020af71e433>]
}

template FloatKeys {
 <10dd46a9-775b-11cf-8f52-0040333594a3>
 DWORD nValues;
 array FLOAT values[nValues];
}

template TimedFloatKeys {
 <f406b180-7b3b-11cf-8f52-0040333594a3>
 DWORD time;
 FloatKeys tfkeys;
}

template AnimationKey {
 <10dd46a8-775b-11cf-8f52-0040333594a3>
 DWORD keyType;
 DWORD nKeys;
 array TimedFloatKeys keys[nKeys];
}


Material Boy01_Body_MAT {
 1.000000;1.000000;1.000000;1.000000;;
 40.304653;
 0.050000;0.050000;0.050000;;
 0.000000;0.000000;0.000000;;

 TextureFilename {
  "Aj/Boy01_diffuse.jpg";
 }
}

Material Boy01_Mouth_MAT1 {
 1.000000;1.000000;1.000000;1.000000;;
 0.000000;
 0.000000;0.000000;0.000000;;
 0.000000;0.000000;0.000000;;

 TextureFilename {
  "Aj/Boy01_FacialAnimMap.png";
 }
}

Material Boy01_Eyes_MAT1 {
 1.000000;1.000000;1.000000;1.000000;;
 0.000000;
 0.000000;0.000000;0.000000;;
 0.000000;0.000000;0.000000;;

 TextureFilename {
  "Aj/Boy01_FacialAnimMap.png";
 }
}

Material Boy01_Brows_MAT1 {
 1.000000;1.000000;1.000000;1.000000;;
 0.000000;
 0.000000;0.000000;0.000000;;
 0.000000;0.000000;0.000000;;

 TextureFilename {
  "Aj/Boy01_FacialAnimMap.png";
 }
}

Frame Hips {
 

 FrameTransformMatrix {
  0.287064,0.001005,-0.269432,0.000000,-0.268679,0.030516,-0.286148,0.000000,0.020154,0.392515,0.022936,0.000000,-0.101615,30.418483,-0.046859,1.000000;;
 }

 Frame Pelvis {
  

  FrameTransformMatrix {
   1.000000,0.000000,0.000000,0.000000,0.000000,1.000000,0.000000,0.000000,-0.000000,0.000000,1.000000,0.000000,0.000000,0.000000,0.000000,1.000000;;
  }

  Frame LeftUpLeg {
   

   FrameTransformMatrix {
    0.969068,-0.190318,0.157119,0.000000,0.099555,0.884002,0.456759,0.000000,-0.225822,-0.426988,0.875605,0.000000,8.479691,-0.379053,-4.795509,1.000000;;
   }

   Frame LeftLeg {
    

    FrameTransformMatrix {
     0.971759,0.192154,-0.136969,0.000000,-0.235912,0.804435,-0.545189,0.000000,0.005422,0.562105,0.827048,0.000000,0.485050,0.112858,-32.551472,1.000000;;
    }

    Frame LeftFoot {
     

     FrameTransformMatrix {
      0.991753,-0.001966,-0.128153,0.000000,0.011219,0.997376,0.071522,0.000000,0.127676,-0.072370,0.989173,0.000000,0.438034,-3.012641,-32.635677,1.000000;;
     }

     Frame LeftToeBase {
      

      FrameTransformMatrix {
       1.000000,0.000000,-0.000000,0.000000,0.000000,1.000000,0.000000,0.000000,-0.000000,-0.000000,1.000000,0.000000,0.970171,11.864223,-13.225351,1.000000;;
      }
     }

     Frame LFootTongue {
      

      FrameTransformMatrix {
       1.000000,0.000000,-0.000000,0.000000,0.000000,1.000000,0.000000,0.000000,-0.000000,-0.000000,1.000000,0.000000,1.142405,6.665161,-1.059788,1.000000;;
      }
     }
    }

    Frame LeftPantLeg {
     

     FrameTransformMatrix {
      1.000000,0.000000,0.000000,0.000000,0.000000,1.000000,0.000000,0.000000,0.000000,0.000000,1.000000,0.000000,1.152550,-2.284733,-16.519322,1.000000;;
     }
    }
   }
  }

  Frame RightUpLeg {
   

   FrameTransformMatrix {
    0.939177,0.247544,-0.238054,0.000000,-0.236588,0.968787,0.074011,0.000000,0.248944,-0.013189,0.968428,0.000000,-8.479691,-0.379054,-4.795494,1.000000;;
   }

   Frame RightLeg {
    

    FrameTransformMatrix {
     0.986393,0.135561,-0.093015,0.000000,-0.164319,0.831080,-0.531324,0.000000,0.005276,0.539379,0.842047,0.000000,-0.484102,0.112904,-32.551482,1.000000;;
    }

    Frame RightFoot {
     

     FrameTransformMatrix {
      0.957292,-0.040022,0.286340,0.000000,-0.065722,0.934325,0.350312,0.000000,-0.281554,-0.354170,0.891791,0.000000,-0.438988,-3.012683,-32.635667,1.000000;;
     }

     Frame RightToeBase {
      

      FrameTransformMatrix {
       1.000000,0.000000,-0.000000,0.000000,0.000000,1.000000,-0.000000,0.000000,0.000000,0.000000,1.000000,0.000000,-0.970169,11.864222,-13.225355,1.000000;;
      }
     }

     Frame RFootTongue {
      

      FrameTransformMatrix {
       1.000000,0.000000,-0.000000,0.000000,0.000000,1.000000,-0.000000,0.000000,0.000000,0.000000,1.000000,0.000000,-1.142222,6.665158,-1.059792,1.000000;;
      }
     }
    }

    Frame RightPantLeg {
     

     FrameTransformMatrix {
      1.000000,0.000000,-0.000000,0.000000,-0.000000,1.000000,0.000000,0.000000,-0.000000,0.000000,1.000000,0.000000,-1.153502,-2.284772,-16.519314,1.000000;;
     }
    }
   }
  }
 }

 Frame Spine {
  

  FrameTransformMatrix {
   0.996479,-0.082732,-0.013587,0.000000,0.080942,0.991556,-0.101313,0.000000,0.021854,0.099856,0.994762,0.000000,-0.000000,1.166203,7.722046,1.000000;;
  }

  Frame Spine1 {
   

   FrameTransformMatrix {
    0.986151,-0.164532,-0.020882,0.000000,0.156981,0.966599,-0.202591,0.000000,0.053517,0.196507,0.979041,0.000000,0.000000,0.248766,12.024078,1.000000;;
   }

   Frame Spine2 {
    

    FrameTransformMatrix {
     0.986151,-0.164533,-0.020882,0.000000,0.156981,0.966599,-0.202591,0.000000,0.053517,0.196507,0.979041,0.000000,0.000000,-0.491238,11.503037,1.000000;;
    }

    Frame Neck {
     

     FrameTransformMatrix {
      0.999749,0.021856,0.004934,0.000000,-0.022165,0.996936,0.075015,0.000000,-0.003279,-0.075106,0.997170,0.000000,0.000000,-3.123047,18.430694,1.000000;;
     }

     Frame Head {
      

      FrameTransformMatrix {
       0.937069,-0.346289,-0.044548,0.000000,0.349091,0.931474,0.102428,0.000000,0.006025,-0.111533,0.993743,0.000000,0.000000,1.034020,9.051078,1.000000;;
      }

      Frame HairB {
       

       FrameTransformMatrix {
        1.000000,-0.000000,0.000000,0.000000,-0.000000,1.000000,0.000000,0.000000,0.000000,-0.000000,1.000000,0.000000,0.208399,24.822299,24.786072,1.000000;;
       }
      }

      Frame HairA {
       

       FrameTransformMatrix {
        1.000000,-0.000000,0.000000,0.000000,-0.000000,1.000000,0.000000,0.000000,0.000000,-0.000000,1.000000,0.000000,-7.081073,23.196637,24.428283,1.000000;;
       }
      }

      Frame Hat {
       

       FrameTransformMatrix {
        1.000000,-0.000000,0.000000,0.000000,-0.000000,1.000000,0.000000,0.000000,0.000000,-0.000000,1.000000,0.000000,16.728802,-15.439648,15.048309,1.000000;;
       }
      }
     }
    }

    Frame LeftShoulder {
     

     FrameTransformMatrix {
      0.990481,0.008701,-0.137370,0.000000,-0.012150,0.999631,-0.024291,0.000000,0.137108,0.025728,0.990222,0.000000,6.197821,-4.064712,13.665245,1.000000;;
     }

     Frame LeftArm {
      

      FrameTransformMatrix {
       0.451031,0.290759,-0.843819,0.000000,0.000013,0.945445,0.325783,0.000000,0.892509,-0.146950,0.426420,0.000000,7.778134,-1.709270,-0.187096,1.000000;;
      }

      Frame LeftForeArm {
       

       FrameTransformMatrix {
        0.711618,0.701990,-0.028474,0.000000,-0.699964,0.704914,-0.114659,0.000000,-0.060417,0.101524,0.992997,0.000000,21.954696,-2.041095,0.000008,1.000000;;
       }

       Frame LeftHand {
        

        FrameTransformMatrix {
         0.960152,0.031867,0.277656,0.000000,0.087878,0.908663,-0.408178,0.000000,-0.265303,0.416313,0.869654,0.000000,22.992904,-0.870895,0.000000,1.000000;;
        }

        Frame LeftHandThumb1 {
         

         FrameTransformMatrix {
          0.991024,-0.126430,-0.043443,0.000000,0.118769,0.981831,-0.147990,0.000000,0.061364,0.141502,0.988034,0.000000,3.593968,3.365567,-1.460373,1.000000;;
         }

         Frame LeftHandThumb2 {
          

          FrameTransformMatrix {
           0.984199,0.125461,0.124946,0.000000,-0.142553,0.979999,0.138856,0.000000,-0.105026,-0.154473,0.982399,0.000000,3.016716,2.119020,-1.561974,1.000000;;
          }

          Frame LeftHandThumb3 {
           

           FrameTransformMatrix {
            1.000000,-0.000000,-0.000000,0.000000,0.000000,1.000000,0.000000,0.000000,0.000000,-0.000000,1.000000,0.000000,3.029560,1.415844,-2.099792,1.000000;;
           }
          }
         }
        }

        Frame LeftHandIndex1 {
         

         FrameTransformMatrix {
          0.972664,0.161792,0.166579,0.000000,-0.164900,0.986298,0.004908,0.000000,-0.163502,-0.032243,0.986016,0.000000,11.372507,3.699159,0.064995,1.000000;;
         }

         Frame LeftHandIndex2 {
          

          FrameTransformMatrix {
           0.991576,0.067781,-0.110377,0.000000,-0.064793,0.997434,0.030442,0.000000,0.112157,-0.023034,0.993423,0.000000,3.229193,-0.143496,-0.574913,1.000000;;
          }

          Frame LeftHandIndex3 {
           

           FrameTransformMatrix {
            1.000000,0.000000,-0.000000,0.000000,0.000000,1.000000,0.000000,0.000000,0.000000,0.000000,1.000000,0.000000,3.111160,-0.280794,-1.135635,1.000000;;
           }
          }
         }
        }

        Frame LeftHandMiddle1 {
         

         FrameTransformMatrix {
          0.996091,-0.084695,0.025098,0.000000,0.085236,0.996133,-0.021307,0.000000,-0.023196,0.023363,0.999458,0.000000,11.327371,-0.098180,0.426666,1.000000;;
         }

         Frame LeftHandMiddle2 {
          

          FrameTransformMatrix {
           0.957001,0.107394,-0.269472,0.000000,-0.092353,0.993407,0.067926,0.000000,0.274990,-0.040119,0.960610,0.000000,3.290932,-0.186932,-0.875465,1.000000;;
          }

          Frame LeftHandMiddle3 {
           

           FrameTransformMatrix {
            1.000000,0.000000,0.000000,0.000000,0.000000,1.000000,-0.000000,0.000000,0.000000,-0.000000,1.000000,0.000000,3.094547,-0.267586,-1.150223,1.000000;;
           }
          }
         }
        }

        Frame LeftHandRing1 {
         

         FrameTransformMatrix {
          0.970979,-0.130568,-0.200380,0.000000,0.133457,0.991054,0.000917,0.000000,0.198468,-0.027632,0.979718,0.000000,11.497078,-3.070050,-0.008911,1.000000;;
         }

         Frame LeftHandRing2 {
          

          FrameTransformMatrix {
           0.880284,0.154638,-0.448538,0.000000,-0.114046,0.986641,0.116332,0.000000,0.460535,-0.051251,0.886160,0.000000,2.881332,-0.186931,-0.992859,1.000000;;
          }

          Frame LeftHandRing3 {
           

           FrameTransformMatrix {
            1.000000,0.000000,0.000000,0.000000,0.000000,1.000000,-0.000000,0.000000,-0.000000,-0.000000,1.000000,0.000000,3.022747,-0.290957,-1.281017,1.000000;;
           }
          }
         }
        }

        Frame LeftHandPinky1 {
         

         FrameTransformMatrix {
          0.957615,-0.133443,-0.255277,0.000000,0.139555,0.990197,0.005894,0.000000,0.251988,-0.041269,0.966850,0.000000,10.529480,-5.625613,-1.373100,1.000000;;
         }

         Frame LeftHandPinky2 {
          

          FrameTransformMatrix {
           0.753879,0.182663,-0.631111,0.000000,-0.112821,0.982298,0.149540,0.000000,0.647254,-0.041532,0.761142,0.000000,2.679024,-0.330556,-0.950073,1.000000;;
          }

          Frame LeftHandPinky3 {
           

           FrameTransformMatrix {
            1.000000,-0.000000,-0.000000,0.000000,0.000000,1.000000,-0.000000,0.000000,0.000000,0.000000,1.000000,0.000000,2.724571,-0.252686,-0.843615,1.000000;;
           }
          }
         }
        }
       }

       Frame LSleeve {
        

        FrameTransformMatrix {
         1.000000,0.000000,0.000000,0.000000,-0.000000,1.000000,0.000000,0.000000,-0.000000,0.000000,1.000000,0.000000,6.633209,-1.263645,-0.344891,1.000000;;
        }
       }
      }
     }
    }

    Frame RightShoulder {
     

     FrameTransformMatrix {
      0.972024,-0.157753,0.174022,0.000000,0.164385,0.986097,-0.024288,0.000000,-0.167771,0.052215,0.984442,0.000000,-6.197822,-4.064712,13.665245,1.000000;;
     }

     Frame RightArm {
      

      FrameTransformMatrix {
       0.484766,0.135765,0.864042,0.000000,-0.368017,0.927837,0.060685,0.000000,-0.793451,-0.347401,0.499748,0.000000,-7.778136,-1.709286,-0.187065,1.000000;;
      }

      Frame RightForeArm {
       

       FrameTransformMatrix {
        0.773081,-0.631548,0.059105,0.000000,0.626088,0.774695,0.088662,0.000000,-0.101783,-0.031538,0.994307,0.000000,-21.954696,-2.041088,0.000000,1.000000;;
       }

       Frame RightHand {
        

        FrameTransformMatrix {
         0.954044,-0.146815,0.261239,0.000000,0.211774,0.947106,-0.241129,0.000000,-0.212020,0.285371,0.934672,0.000000,-22.992920,-0.870904,-0.000011,1.000000;;
        }

        Frame RightHandThumb1 {
         

         FrameTransformMatrix {
          0.991604,0.127509,-0.021519,0.000000,-0.122185,0.978369,0.166929,0.000000,0.042339,-0.162899,0.985734,0.000000,-3.593979,3.365571,-1.460365,1.000000;;
         }

         Frame RightHandThumb2 {
          

          FrameTransformMatrix {
           0.971569,0.185127,-0.147585,0.000000,-0.188695,0.981981,-0.010429,0.000000,0.142995,0.037981,0.988994,0.000000,-3.016708,2.119024,-1.561970,1.000000;;
          }

          Frame RightHandThumb3 {
           

           FrameTransformMatrix {
            1.000000,0.000000,0.000000,0.000000,0.000000,1.000000,-0.000000,0.000000,0.000000,-0.000000,1.000000,0.000000,-3.029560,1.415844,-2.099789,1.000000;;
           }
          }
         }
        }

        Frame RightHandIndex1 {
         

         FrameTransformMatrix {
          0.990875,-0.023687,-0.132686,0.000000,0.026084,0.999526,0.016352,0.000000,0.132236,-0.019664,0.991023,0.000000,-11.372505,3.699157,0.065006,1.000000;;
         }

         Frame RightHandIndex2 {
          

          FrameTransformMatrix {
           0.990718,-0.063455,0.120212,0.000000,0.060285,0.997735,0.029826,0.000000,-0.121832,-0.022302,0.992300,0.000000,-3.229198,-0.143496,-0.574913,1.000000;;
          }

          Frame RightHandIndex3 {
           

           FrameTransformMatrix {
            1.000000,0.000000,0.000000,0.000000,0.000000,1.000000,0.000000,0.000000,0.000000,-0.000000,1.000000,0.000000,-3.111156,-0.280792,-1.135632,1.000000;;
           }
          }
         }
        }

        Frame RightHandMiddle1 {
         

         FrameTransformMatrix {
          0.997109,-0.027386,-0.070871,0.000000,0.028661,0.999444,0.017043,0.000000,0.070364,-0.019025,0.997340,0.000000,-11.327378,-0.098177,0.426689,1.000000;;
         }

         Frame RightHandMiddle2 {
          

          FrameTransformMatrix {
           0.903462,-0.136962,0.406198,0.000000,0.105910,0.989527,0.098086,0.000000,-0.415378,-0.045596,0.908506,0.000000,-3.290932,-0.186926,-0.875462,1.000000;;
          }

          Frame RightHandMiddle3 {
           

           FrameTransformMatrix {
            1.000000,0.000000,-0.000000,0.000000,0.000000,1.000000,0.000000,0.000000,0.000000,0.000000,1.000000,0.000000,-3.094559,-0.267590,-1.150223,1.000000;;
           }
          }
         }
        }

        Frame RightHandRing1 {
         

         FrameTransformMatrix {
          0.999448,0.023399,0.023571,0.000000,-0.022923,0.999532,-0.020238,0.000000,-0.024034,0.019686,0.999518,0.000000,-11.497086,-3.070049,-0.008904,1.000000;;
         }

         Frame RightHandRing2 {
          

          FrameTransformMatrix {
           0.831537,-0.189002,0.522327,0.000000,0.131658,0.980599,0.145227,0.000000,-0.539641,-0.051993,0.840288,0.000000,-2.881348,-0.186931,-0.992859,1.000000;;
          }

          Frame RightHandRing3 {
           

           FrameTransformMatrix {
            1.000000,0.000000,0.000000,0.000000,-0.000000,1.000000,0.000000,0.000000,0.000000,0.000000,1.000000,0.000000,-3.022743,-0.290962,-1.281019,1.000000;;
           }
          }
         }
        }

        Frame RightHandPinky1 {
         

         FrameTransformMatrix {
          0.997834,0.011110,0.064836,0.000000,-0.009799,0.999742,-0.020501,0.000000,-0.065047,0.019821,0.997686,0.000000,-10.529480,-5.625613,-1.373093,1.000000;;
         }

         Frame RightHandPinky2 {
          

          FrameTransformMatrix {
           0.733235,-0.225099,0.641636,0.000000,0.144277,0.973633,0.176697,0.000000,-0.664493,-0.036987,0.746379,0.000000,-2.679008,-0.330555,-0.950077,1.000000;;
          }

          Frame RightHandPinky3 {
           

           FrameTransformMatrix {
            1.000000,0.000000,0.000000,0.000000,0.000000,1.000000,0.000000,0.000000,-0.000000,-0.000000,1.000000,0.000000,-2.724571,-0.252686,-0.843617,1.000000;;
           }
          }
         }
        }
       }

       Frame RSleeve {
        

        FrameTransformMatrix {
         1.000000,0.000000,-0.000000,0.000000,0.000000,1.000000,0.000000,0.000000,0.000000,0.000000,1.000000,0.000000,-6.633202,-1.263651,-0.344883,1.000000;;
        }
       }
      }
     }
    }

    Frame Backpack {
     

     FrameTransformMatrix {
      1.000000,-0.000000,-0.000000,0.000000,0.000000,1.000000,-0.000000,0.000000,-0.000000,-0.000000,1.000000,0.000000,0.000001,36.677482,-2.471481,1.000000;;
     }
    }

    Frame Hood {
     

     FrameTransformMatrix {
      1.000000,-0.000000,-0.000000,0.000000,-0.000000,1.000000,-0.000000,0.000000,0.000000,-0.000000,1.000000,0.000000,0.000000,-10.430946,18.754158,1.000000;;
     }

     Frame Hood1 {
      

      FrameTransformMatrix {
       1.000000,-0.000000,-0.000000,0.000000,0.000000,1.000000,-0.000000,0.000000,-0.000000,-0.000000,1.000000,0.000000,0.000000,-7.685921,-5.011017,1.000000;;
      }
     }
    }

    Frame LHoodieString {
     

     FrameTransformMatrix {
      1.000000,-0.000000,-0.000000,0.000000,-0.000000,1.000000,-0.000000,0.000000,0.000000,-0.000000,1.000000,0.000000,5.250454,3.089924,16.397736,1.000000;;
     }

     Frame LHoodieString1 {
      

      FrameTransformMatrix {
       1.000000,-0.000000,-0.000000,0.000000,0.000000,1.000000,0.000000,0.000000,0.000000,-0.000000,1.000000,0.000000,0.257712,3.694595,-6.364296,1.000000;;
      }

      Frame LHoodieString2 {
       

       FrameTransformMatrix {
        1.000000,-0.000000,-0.000000,0.000000,0.000000,1.000000,0.000000,0.000000,0.000000,-0.000000,1.000000,0.000000,0.000000,2.679131,-9.643806,1.000000;;
       }
      }
     }
    }

    Frame RHoodieString {
     

     FrameTransformMatrix {
      1.000000,-0.000000,-0.000000,0.000000,-0.000000,1.000000,-0.000000,0.000000,0.000000,-0.000000,1.000000,0.000000,-5.250452,3.089931,16.397736,1.000000;;
     }

     Frame RHoodieString1 {
      

      FrameTransformMatrix {
       1.000000,-0.000000,-0.000000,0.000000,0.000000,1.000000,0.000000,0.000000,0.000000,-0.000000,1.000000,0.000000,-0.257710,3.694576,-6.364311,1.000000;;
      }

      Frame RHoodieString2 {
       

       FrameTransformMatrix {
        1.000000,-0.000000,-0.000000,0.000000,0.000000,1.000000,0.000000,0.000000,0.000000,-0.000000,1.000000,0.000000,-0.000001,2.679127,-9.643799,1.000000;;
       }
      }
     }
    }
   }

   Frame LBackpack_Strap {
    

    FrameTransformMatrix {
     1.000000,-0.000000,0.000000,0.000000,-0.000000,1.000000,0.000000,0.000000,-0.000000,-0.000000,1.000000,0.000000,15.223173,-6.610895,-7.719795,1.000000;;
    }
   }

   Frame RBackpack_Strap {
    

    FrameTransformMatrix {
     1.000000,-0.000000,0.000000,0.000000,-0.000000,1.000000,0.000000,0.000000,-0.000000,-0.000000,1.000000,0.000000,-15.223000,-6.610897,-7.719787,1.000000;;
    }
   }
  }
 }

 Frame BoyFacialAnim_Joint {
  

  FrameTransformMatrix {
   1.000000,0.000000,0.000000,0.000000,0.000000,1.000000,0.000000,0.000000,-0.000000,0.000000,1.000000,0.000000,1.000000,-1.550923,-82.208077,1.000000;;
  }
 }
}

Frame Boy01_Body_Geo {
 

 FrameTransformMatrix {
  0.393701,0.000000,0.000000,0.000000,0.000000,-0.000000,-0.393701,0.000000,0.000000,0.393701,-0.000000,0.000000,0.000000,0.000000,0.000000,1.000000;;
 }

 Mesh Boy01_Body_Geo {
  4889;
  -0.001660;24.855190;159.667226;,
  2.129741;24.855190;156.051149;,
  2.251507;24.855190;159.350093;,
  -0.001660;24.855190;157.041229;,
  13.191158;25.561317;160.272013;,
  14.682982;25.561317;160.591859;,
  13.632659;25.561317;159.648896;,
  13.733307;25.561317;160.984563;,
  11.508186;25.561317;160.255002;,
  11.794494;25.561317;161.740506;,
  2.753314;25.561317;158.957427;,
  3.463898;25.561317;161.344499;,
  4.015180;25.561317;160.266496;,
  1.749699;25.561317;159.742733;,
  2.244749;25.561317;156.916774;,
  0.984182;25.561317;156.702656;,
  3.033334;25.561317;155.694579;,
  2.256700;25.561317;154.890624;,
  4.447771;25.561317;154.404582;,
  3.774029;25.561317;153.349747;,
  9.979640;25.561317;154.470861;,
  10.617247;25.561317;153.357389;,
  11.812993;25.561317;156.235840;,
  12.513448;25.561317;155.331238;,
  13.677523;25.561317;158.941197;,
  13.456173;25.561317;157.239347;,
  12.756679;25.561317;158.193843;,
  14.118112;25.561317;158.658291;,
  12.752486;25.561317;159.182566;,
  14.676898;25.561317;159.353638;,
  -0.001660;25.561317;159.667226;,
  -0.001660;25.561317;157.041229;,
  13.814968;24.855187;159.320422;,
  11.651339;24.855190;160.997760;,
  3.739539;24.855190;160.805478;,
  0.984182;25.561317;156.702656;,
  4.110900;24.855190;153.877146;,
  10.298443;24.855190;153.914112;,
  12.163219;24.855190;155.783539;,
  11.508186;25.561317;160.255002;,
  12.756679;25.561317;158.193843;,
  14.386395;25.292797;159.196314;,
  17.542954;3.863813;159.939162;,
  14.314229;25.332546;160.457459;,
  17.597574;4.015232;159.117222;,
  14.386395;25.292797;159.196314;,
  17.542954;3.863813;159.939162;,
  17.597574;4.015232;159.117222;,
  14.314229;25.332546;160.457459;,
  -2.133062;24.855190;156.051149;,
  -2.254828;24.855190;159.350093;,
  -13.194479;25.561317;160.272013;,
  -14.686302;25.561317;160.591859;,
  -13.736629;25.561317;160.984563;,
  -13.635981;25.561317;159.648896;,
  -11.511507;25.561317;160.255002;,
  -11.797814;25.561317;161.740506;,
  -2.756635;25.561317;158.957427;,
  -3.467218;25.561317;161.344499;,
  -1.753020;25.561317;159.742733;,
  -4.018501;25.561317;160.266496;,
  -2.248070;25.561317;156.916774;,
  -0.987503;25.561317;156.702656;,
  -3.036654;25.561317;155.694579;,
  -2.260021;25.561317;154.890624;,
  -4.451092;25.561317;154.404582;,
  -3.777350;25.561317;153.349747;,
  -9.982961;25.561317;154.470861;,
  -10.620568;25.561317;153.357389;,
  -11.816314;25.561317;156.235840;,
  -12.516769;25.561317;155.331238;,
  -13.680843;25.561317;158.941197;,
  -13.459494;25.561317;157.239347;,
  -14.121432;25.561317;158.658291;,
  -12.760000;25.561317;158.193843;,
  -12.755806;25.561317;159.182566;,
  -14.680219;25.561317;159.353638;,
  -13.818290;24.855187;159.320422;,
  -11.654660;24.855190;160.997760;,
  -3.742860;24.855190;160.805478;,
  -0.987503;25.561317;156.702656;,
  -4.114221;24.855190;153.877146;,
  -10.301763;24.855190;153.914112;,
  -12.166540;24.855190;155.783539;,
  -11.511507;25.561317;160.255002;,
  -12.760000;25.561317;158.193843;,
  -14.389717;25.292797;159.196314;,
  -16.846702;3.863813;159.939162;,
  -16.901325;4.015232;159.117222;,
  -14.317550;25.332546;160.457459;,
  -14.389717;25.292797;159.196314;,
  -16.846702;3.863813;159.939162;,
  -14.317550;25.332546;160.457459;,
  -16.901325;4.015232;159.117222;,
  -4.382462;13.974469;110.027981;,
  -6.248342;13.403853;114.899315;,
  -4.555018;13.403853;114.899315;,
  -6.075786;13.974469;110.027981;,
  -4.802568;6.286565;132.370688;,
  -5.809241;5.290298;132.193165;,
  -4.802568;5.290179;132.193165;,
  -5.809241;6.286565;132.370688;,
  -4.555018;11.807785;114.600730;,
  -6.075786;12.378402;109.729382;,
  -4.382462;12.378402;109.729382;,
  -6.248342;11.807785;114.600730;,
  -4.382462;12.378402;109.729382;,
  -6.075786;12.378402;109.729382;,
  -6.248342;11.807785;114.600730;,
  -6.075786;12.378402;109.729382;,
  -4.674652;8.808003;128.328640;,
  -5.992287;8.807577;128.328640;,
  -4.669916;7.689439;128.109530;,
  -4.802568;5.290179;132.193165;,
  -5.987760;7.689439;128.109530;,
  -5.809241;5.290298;132.193165;,
  -5.809241;5.290298;132.193165;,
  -5.987760;7.689439;128.109530;,
  -4.674888;11.940378;120.521754;,
  -6.223140;10.456584;124.540416;,
  -4.724701;10.451390;124.547072;,
  -6.366846;11.945223;120.513715;,
  -4.681715;10.586981;120.254963;,
  -4.727541;9.285202;124.311987;,
  -6.373775;10.591461;120.250368;,
  -6.227016;9.286588;124.310208;,
  -6.227016;9.286588;124.310208;,
  -6.373775;10.591461;120.250368;,
  4.382465;13.974474;110.027981;,
  6.248344;13.403855;114.899315;,
  6.075789;13.974474;110.027981;,
  4.555020;13.403855;114.899315;,
  4.802566;6.286564;132.370688;,
  5.809239;5.290297;132.193165;,
  5.809239;6.286564;132.370688;,
  4.802566;5.290179;132.193165;,
  4.555020;11.807788;114.600730;,
  6.075789;12.378406;109.729382;,
  6.248344;11.807788;114.600730;,
  4.382465;12.378406;109.729382;,
  4.382465;12.378406;109.729382;,
  6.075789;12.378406;109.729382;,
  6.248344;11.807788;114.600730;,
  6.075789;12.378406;109.729382;,
  4.674651;8.808003;128.328640;,
  5.992286;8.807577;128.328640;,
  4.669915;7.689439;128.109530;,
  4.802566;5.290179;132.193165;,
  5.987759;7.689439;128.109530;,
  5.809239;5.290297;132.193165;,
  5.809239;5.290297;132.193165;,
  5.987759;7.689439;128.109530;,
  4.674889;11.940378;120.521754;,
  6.223140;10.456584;124.540416;,
  6.366846;11.945224;120.513715;,
  4.724700;10.451390;124.547072;,
  4.681716;10.586982;120.254963;,
  4.727540;9.285202;124.311987;,
  6.373776;10.591462;120.250368;,
  6.227016;9.286588;124.310208;,
  6.227016;9.286588;124.310208;,
  6.373776;10.591462;120.250368;,
  10.482419;-7.271113;100.599744;,
  5.859338;-5.872272;104.187462;,
  10.534008;-7.028848;104.167686;,
  5.047058;-6.023818;100.539168;,
  10.515098;-7.007141;108.531699;,
  6.131009;-5.886516;108.770330;,
  -5.166618;-6.395847;108.699392;,
  -5.264278;-6.261316;104.290496;,
  -4.640787;-6.369126;100.569971;,
  10.363398;-8.017802;119.943744;,
  6.225008;-6.292249;115.026432;,
  6.364798;-7.139942;120.923648;,
  10.537057;-7.427339;114.497946;,
  -5.256748;-6.741657;115.042842;,
  -5.755019;-7.434694;120.821274;,
  0.247050;-7.409184;122.177894;,
  2.911299;-17.421765;123.234970;,
  8.075198;-14.711307;124.490598;,
  3.149709;-15.698317;126.370202;,
  7.363978;-16.371605;121.780966;,
  -1.951170;-17.628136;123.115251;,
  -2.084610;-15.612426;126.025958;,
  0.070588;-12.254453;127.441869;,
  -2.529050;-14.096136;126.850957;,
  3.068759;-14.208448;126.844122;,
  8.763378;-13.467394;125.375117;,
  2.131690;-19.854165;116.314022;,
  7.034958;-18.447512;115.790400;,
  1.701210;-22.098354;108.669542;,
  7.804508;-20.366342;108.677901;,
  -2.410921;-22.409293;108.969715;,
  -2.060500;-20.204562;116.249882;,
  1.895620;-27.741197;99.645274;,
  6.356581;-26.785690;100.786925;,
  1.807530;-27.748765;101.101939;,
  6.376950;-27.025405;99.533690;,
  -2.058111;-27.646877;100.362970;,
  -2.080828;-27.806224;101.876672;,
  1.668750;-26.739866;103.038381;,
  -2.082159;-26.948048;104.021402;,
  6.093320;-25.257349;102.116896;,
  2.477290;-18.376627;88.590010;,
  6.844300;-20.334115;90.926323;,
  2.106811;-21.145646;89.323130;,
  7.644600;-17.745275;90.043418;,
  2.500571;-14.542336;88.606880;,
  8.043640;-14.534235;89.791341;,
  -3.076869;-13.810146;88.931085;,
  -2.629050;-17.890826;88.863347;,
  -2.213170;-21.036285;89.454682;,
  1.935080;-7.694650;91.727866;,
  7.463760;-11.255406;90.603885;,
  2.308511;-10.713276;89.594266;,
  6.530690;-8.499180;92.881152;,
  -2.148020;-7.502626;91.815782;,
  -2.895880;-10.116436;89.799002;,
  2.500571;-14.542336;88.606880;,
  -3.076869;-13.810146;88.931085;,
  8.043640;-14.534235;89.791341;,
  11.622329;-19.695726;99.381523;,
  13.009098;-16.883131;103.043296;,
  11.307279;-19.545533;102.608141;,
  13.101859;-17.442866;99.191712;,
  10.383037;-19.309614;107.281504;,
  12.597258;-16.330208;108.286861;,
  13.440677;-12.834879;108.480358;,
  13.908688;-13.209407;103.405837;,
  14.130678;-13.565246;99.270976;,
  9.465378;-15.966406;120.423475;,
  11.865358;-15.154731;115.810598;,
  10.385490;-14.436232;121.602662;,
  9.547258;-17.299485;115.425242;,
  11.208027;-12.190482;122.434074;,
  13.042468;-12.402102;115.684288;,
  12.691666;-9.610499;114.865485;,
  11.898988;-9.809033;120.538342;,
  12.740117;-9.518545;108.431821;,
  13.440677;-12.834879;108.480358;,
  13.042468;-12.402102;115.684288;,
  11.208027;-12.190482;122.434074;,
  13.304426;-9.590074;104.030291;,
  12.959107;-10.051840;100.689523;,
  14.130678;-13.565246;99.270976;,
  13.908688;-13.209407;103.405837;,
  10.104438;-9.154044;124.287744;,
  7.138978;-8.618558;124.862874;,
  4.427198;-8.946146;126.012646;,
  10.178478;-11.146284;125.691558;,
  10.953448;-10.179263;124.669402;,
  0.053870;-10.131737;126.336627;,
  3.604159;-10.272518;126.955136;,
  0.053870;-10.131737;126.336627;,
  4.749238;-11.881306;127.282893;,
  3.604159;-10.272518;126.955136;,
  8.677751;-8.894277;93.778778;,
  9.021540;-19.986755;92.679629;,
  11.750530;-17.596056;95.344870;,
  10.348560;-19.705437;95.724672;,
  10.089790;-17.746306;91.875162;,
  12.999041;-14.711246;95.223002;,
  11.117760;-14.133096;91.761971;,
  1.585521;-25.766658;96.247411;,
  6.206510;-25.726826;98.129069;,
  1.849301;-26.309746;98.215571;,
  5.773810;-25.087187;96.131821;,
  1.761510;-25.093536;93.382797;,
  5.684890;-24.593346;93.963981;,
  -1.617420;-25.066067;93.515603;,
  -1.876510;-25.713717;96.422854;,
  -1.875749;-26.258786;98.742880;,
  9.788498;-10.617485;127.154714;,
  9.955778;-9.393664;126.507085;,
  6.300079;-9.601089;127.529574;,
  6.863229;-11.084358;128.117747;,
  6.300079;-9.601089;127.529574;,
  7.834358;-11.875816;126.718310;,
  9.788498;-10.617485;127.154714;,
  10.178478;-11.146284;125.691558;,
  6.300079;-9.601089;127.529574;,
  11.754338;-8.058684;131.238285;,
  9.955778;-9.393664;126.507085;,
  8.410389;-8.171340;132.378138;,
  12.272799;-4.897416;134.563802;,
  8.779710;-5.225375;135.367219;,
  12.261470;-0.608420;134.955853;,
  8.572737;-0.782285;135.756429;,
  11.887158;4.752038;132.054310;,
  7.962097;4.862774;132.791782;,
  11.661184;8.984342;125.702490;,
  7.750197;9.489437;126.085466;,
  12.528613;10.110806;118.731213;,
  8.691105;10.910709;118.420518;,
  12.792704;9.079105;113.215616;,
  9.692455;9.995506;112.466125;,
  12.280446;7.845673;105.630022;,
  15.898336;3.011437;101.419802;,
  13.895666;6.760231;106.821286;,
  14.728918;4.276236;99.951398;,
  16.387358;-1.447867;97.075539;,
  14.972978;-0.201579;95.893824;,
  15.202486;-5.554940;94.948512;,
  13.110668;-4.052404;94.320448;,
  13.580928;-8.805300;95.619987;,
  11.359390;-6.946678;95.163277;,
  12.683120;-10.833666;97.394534;,
  10.665790;-8.700049;97.278138;,
  11.464978;-9.324185;131.643008;,
  9.788498;-10.617485;127.154714;,
  12.102379;-5.858337;135.460339;,
  12.079370;-0.769141;136.179149;,
  11.595167;5.351758;133.187814;,
  11.384924;9.980644;126.401472;,
  12.327384;11.459815;118.939302;,
  12.820274;10.278095;113.132006;,
  16.328067;3.685469;101.250451;,
  14.106355;7.591860;106.773523;,
  16.792947;-0.987849;96.632314;,
  15.277669;-5.305014;94.194803;,
  13.295020;-8.810670;94.766227;,
  12.937490;-11.373186;96.506150;,
  12.268910;-11.028126;95.640646;,
  8.873398;-9.701459;132.730816;,
  6.863229;-11.084358;128.117747;,
  9.360230;-6.358693;136.118131;,
  9.168415;-1.110658;137.001459;,
  8.505818;5.326503;133.893478;,
  8.267298;10.439698;126.743693;,
  9.167663;12.274289;118.451162;,
  12.185753;11.752750;115.960179;,
  11.044126;12.195274;112.933248;,
  10.340784;12.242012;115.598630;,
  12.766504;11.670954;113.303219;,
  15.607918;4.734769;99.858330;,
  12.945335;8.510742;105.614675;,
  15.862699;0.105337;95.484902;,
  13.881149;-3.897106;93.394829;,
  11.840880;-7.093742;94.064141;,
  11.308651;-9.913274;95.241030;,
  10.570428;-8.885520;95.514150;,
  8.410389;-8.171340;132.378138;,
  6.300079;-9.601089;127.529574;,
  8.779710;-5.225375;135.367219;,
  8.572737;-0.782285;135.756429;,
  7.962097;4.862774;132.791782;,
  7.750197;9.489437;126.085466;,
  8.691105;10.910709;118.420518;,
  9.692455;9.995506;112.466125;,
  10.239226;11.135636;112.258586;,
  14.728918;4.276236;99.951398;,
  12.280446;7.845673;105.630022;,
  14.972978;-0.201579;95.893824;,
  13.110668;-4.052404;94.320448;,
  11.359390;-6.946678;95.163277;,
  10.665790;-8.700049;97.278138;,
  12.503846;9.567766;111.576307;,
  12.477804;8.662407;111.546035;,
  10.404207;9.451087;110.803738;,
  10.404207;9.451087;110.803738;,
  10.911586;10.238676;110.774131;,
  10.665790;-8.700049;97.278138;,
  12.683120;-10.833666;97.394534;,
  10.570428;-8.885520;95.514150;,
  9.700990;-11.086826;91.946509;,
  12.268910;-11.028126;95.640646;,
  11.117760;-14.133096;91.761971;,
  11.308651;-9.913274;95.241030;,
  12.999041;-14.711246;95.223002;,
  12.937490;-11.373186;96.506150;,
  9.649842;-21.872216;99.218298;,
  9.512252;-21.468584;101.894893;,
  8.952210;-21.551146;103.691680;,
  6.798538;-22.110722;104.252352;,
  1.546579;-23.580483;104.496531;,
  -2.270259;-24.120362;105.492941;,
  7.813440;-21.574776;93.763290;,
  8.797990;-21.251035;96.241862;,
  -1.856969;-22.631595;91.340026;,
  1.807431;-22.676626;91.221965;,
  6.128460;-21.899437;92.495008;,
  6.973041;-24.100016;94.510938;,
  7.567430;-24.234205;96.250349;,
  8.069311;-24.824906;98.249350;,
  8.446621;-25.957618;99.605491;,
  8.283362;-25.564630;100.898669;,
  7.656919;-24.712931;102.008781;,
  12.477804;8.662407;111.546035;,
  12.503846;9.567766;111.576307;,
  10.404207;9.451087;110.803738;,
  10.911586;10.238676;110.774131;,
  10.404207;9.451087;110.803738;,
  10.340784;12.242012;115.598630;,
  12.185753;11.752750;115.960179;,
  10.626435;11.556097;112.744666;,
  12.653985;10.887733;113.263014;,
  10.626435;11.556097;112.744666;,
  11.667265;11.468106;111.275456;,
  12.942454;11.265635;111.679027;,
  12.838434;11.072186;111.688755;,
  11.808745;11.593804;111.305536;,
  12.653985;10.887733;113.263014;,
  10.626435;11.556097;112.744666;,
  12.653985;10.887733;113.263014;,
  -9.731657;-7.802269;108.491827;,
  -9.653669;-7.662406;104.274989;,
  -9.957120;-7.456066;100.354310;,
  -9.766038;-8.434922;119.814374;,
  -9.783078;-7.811329;114.382054;,
  -7.587530;-16.804622;121.307110;,
  -7.403980;-15.077075;124.229824;,
  -8.099130;-13.696786;125.110106;,
  -7.417787;-21.658891;109.368704;,
  -7.330658;-19.221651;115.645542;,
  -6.273809;-27.013034;100.866317;,
  -6.347908;-26.991990;102.399878;,
  -6.390108;-26.197664;104.141024;,
  -8.923898;-13.177106;90.388480;,
  -8.255221;-16.828926;90.590989;,
  -7.329310;-19.568856;91.406611;,
  -6.988059;-7.969966;93.030189;,
  -8.259939;-10.044776;91.032410;,
  -8.923898;-13.177106;90.388480;,
  -13.123148;-13.742354;108.702656;,
  -12.655878;-17.161106;103.646131;,
  -12.231318;-17.382107;108.812250;,
  -13.639566;-13.370947;103.543379;,
  -10.199997;-20.654837;108.208563;,
  -11.294469;-19.936554;103.593523;,
  -11.542908;-19.486027;100.129786;,
  -12.906070;-17.205499;99.604813;,
  -14.070630;-13.342260;99.351949;,
  -11.300247;-15.802054;115.562534;,
  -11.937207;-12.869951;115.551053;,
  -10.629771;-12.627941;122.401382;,
  -9.930381;-14.907942;121.429184;,
  -9.302939;-16.539293;120.015936;,
  -9.667186;-17.862579;115.179430;,
  -13.123148;-13.742354;108.702656;,
  -11.732369;-10.051702;114.846822;,
  -12.381398;-10.396903;108.550003;,
  -11.937207;-12.869951;115.551053;,
  -11.373209;-10.199212;120.402739;,
  -10.629771;-12.627941;122.401382;,
  -12.555998;-9.844826;103.996064;,
  -13.639566;-13.370947;103.543379;,
  -14.070630;-13.342260;99.351949;,
  -12.715461;-9.895340;100.733907;,
  -4.191290;-9.093827;125.975488;,
  -6.889150;-8.881366;124.831885;,
  -9.648081;-9.607823;124.188122;,
  -10.530291;-10.663761;124.549632;,
  -9.740402;-11.496985;125.527578;,
  -4.607651;-12.001607;127.203930;,
  -3.454350;-10.418638;126.934170;,
  -3.454350;-10.418638;126.934170;,
  -9.242950;-8.191877;93.924762;,
  -11.870020;-17.164416;95.715149;,
  -13.071350;-14.156576;95.501190;,
  -10.348980;-19.570706;96.193459;,
  -9.027250;-19.067456;93.293139;,
  -10.530701;-16.487757;92.475699;,
  -11.737959;-13.047896;92.197619;,
  -5.629250;-24.557757;94.354630;,
  -6.009580;-25.189315;96.696986;,
  -6.034930;-25.362986;99.334682;,
  -9.950004;-9.499864;126.477670;,
  -9.769286;-10.630814;127.268198;,
  -6.763213;-11.084587;128.055142;,
  -6.345942;-9.604377;127.485491;,
  -9.740402;-11.496985;125.527578;,
  -9.769286;-10.630814;127.268198;,
  -7.467231;-12.188617;126.590515;,
  -6.345942;-9.604377;127.485491;,
  -11.763379;-8.058621;131.238118;,
  -8.419662;-8.171956;132.378240;,
  -9.950004;-9.499864;126.477670;,
  -12.281683;-4.897212;134.563610;,
  -8.788976;-5.225620;135.367296;,
  -12.270724;-0.608556;134.955443;,
  -8.582676;-0.782663;135.756544;,
  -11.896551;4.751882;132.054157;,
  -7.971963;4.862674;132.791859;,
  -11.670335;8.984125;125.702413;,
  -7.760057;9.489317;126.085389;,
  -12.537504;10.110656;118.731251;,
